1.0 1.1723 1.1579 5.6465 3.9277 7.9239 4.6253 20.491 4.8520 8.5836
1.1723 1.0 3.5473 2.3326 3.0030 2.7793 1.2140 1.4158 1.0454 2.0955
1.1579 3.5473 1.0 23.310 1.1252 33.670 1.9379 1.4003 1.2787 1.0535
5.6465 2.3326 23.310 1.0 2.4981 16.366 1.2577 3.4758 4.7483 1.6995
3.9277 3.0030 1.1252 2.4981 1.0 1.0013 15.625 1.6957 1.1411 1.5941
7.9239 2.7793 33.670 16.366 1.0013 1.0 1.1069 1.0004 3.8774 4.8169
4.6253 1.2140 1.9379 1.2577 15.625 1.1069 1.0 2.9542 4.0016 1.6417
20.491 1.4158 1.4003 3.4758 1.6957 1.0004 2.9542 1.0 2.3512 1.1309
4.8520 1.0454 1.2787 4.7483 1.1411 3.8774 4.0016 2.3512 1.0 10.493
8.5836 2.0955 1.0535 1.6995 1.5941 4.8169 1.6417 1.1309 10.493 1.0
